id,TARGET
3496,0
17271,0
44259,0
64996,0
23333,0
56223,0
19215,0
58525,0
53631,0
53855,0
7187,0
72540,0
34666,0
61295,0
19565,0
28448,0
19101,0
17743,0
57576,0
11499,0
44135,0
20600,0
22681,0
14324,0
35293,0
20080,0
24735,0
43777,0
65453,0
36677,0
16476,0
2899,0
66817,0
22307,0
2497,0
47577,0
68430,0
46136,0
2134,0
47358,0
33552,0
75722,0
55049,0
62554,0
23792,0
48737,0
5155,0
27990,0
74584,0
71006,0
1305,0
68741,0
11020,0
75088,0
15837,0
42258,0
44837,0
27214,0
17588,0
19816,0
64426,0
3262,0
38484,0
68514,0
8067,0
50402,0
69636,0
57017,0
8994,0
1401,0
63827,0
26132,0
14513,0
60563,0
61786,0
62362,0
56240,0
38973,0
64289,0
55434,0
15642,0
16393,0
50289,0
29985,0
61978,0
71619,0
16700,0
74602,0
15045,0
70314,0
73791,0
68286,0
47868,0
16196,0
52130,0
45190,0
23920,0
68760,0
512,0
52978,0
59452,0
55290,0
32936,0
56959,0
56466,0
33407,0
8685,0
10220,0
17729,0
65463,0
21730,0
32141,0
67263,0
9382,0
47780,0
6674,0
2315,0
48922,0
25389,0
3024,0
34252,0
67853,0
27848,0
33920,0
6943,0
59846,0
67786,0
73542,0
62800,0
73081,0
50949,0
73203,0
45745,0
48829,0
41095,0
15931,0
20936,0
39111,0
72391,0
14881,0
45734,0
21282,0
47343,0
31257,0
35956,0
46131,0
39604,0
19747,0
31659,0
65832,0
42348,0
52417,0
18093,0
39343,0
43486,0
51028,0
21004,0
20262,0
24624,0
52513,0
28876,0
28260,0
40906,0
29437,0
42875,0
41144,0
75749,0
52659,0
40276,0
23282,0
43712,0
65163,0
64781,0
51031,0
16055,0
71985,0
67471,0
61334,0
34484,0
37303,0
33237,0
54118,0
48525,0
1022,0
10828,0
22324,0
21409,0
74316,0
22353,0
27345,0
75343,0
35918,0
67810,0
14613,0
16540,0
37041,0
41463,0
51956,0
47172,0
44797,0
20612,0
73153,0
64719,0
75363,0
14497,0
25723,0
63995,0
10036,0
74002,0
13555,0
12861,0
64238,0
16261,0
50374,0
75288,0
9310,0
27016,0
1104,0
43757,0
57226,0
45056,0
74888,0
72444,0
45765,0
13339,0
40668,0
62602,0
52025,0
57546,0
21046,0
28707,0
74723,0
36643,0
16006,0
42389,0
52875,0
11709,0
58098,0
45469,0
4987,0
29761,0
2186,0
70556,0
24821,0
62047,0
38631,0
50335,0
69314,0
48054,0
46682,0
20001,0
73528,0
6493,0
63635,0
48388,0
59215,0
7009,0
38807,0
31834,0
53411,0
42982,0
34968,0
22049,0
29893,0
73026,0
67989,0
14892,0
12597,0
70286,0
73333,0
19056,0
44528,0
43378,0
29978,0
49288,0
44059,0
27791,0
56700,0
17385,0
33420,0
54165,0
69718,0
50552,0
8328,0
71149,0
42431,0
65446,0
46823,0
22901,0
22345,0
16164,0
11229,0
59626,0
2513,0
74288,0
57148,0
63766,0
62826,0
11828,0
17552,0
60094,0
73604,0
219,0
44700,0
18610,0
32387,0
60752,0
13752,0
66481,0
22682,0
51060,0
12270,0
65621,0
72140,0
58277,0
18585,0
31781,0
10986,0
38600,0
21351,0
11848,0
42086,0
67928,0
14274,0
42649,0
73806,0
7067,0
27018,0
43040,0
46011,0
25678,0
61860,0
16479,0
58417,0
73691,0
17036,0
69928,0
63229,0
22570,0
25882,0
17849,0
17394,0
29104,0
31198,0
50715,0
29470,0
39118,0
41290,0
47006,0
55500,0
13529,0
38854,0
29106,0
74217,0
65114,0
49002,0
21977,0
42791,0
584,0
15224,0
6837,0
1916,0
50727,0
46557,0
75391,0
67566,0
50731,0
69412,0
60246,0
40799,0
52860,0
44764,0
50393,0
74001,0
48848,0
69275,0
54945,0
390,0
72613,0
27099,0
31978,0
59019,0
10462,0
174,0
69090,0
20202,0
13820,0
13921,0
63549,0
9031,0
29130,0
56135,0
58467,0
29,0
22403,0
45126,0
3919,0
64711,0
743,0
2207,0
28584,0
40570,0
5030,0
64447,0
24610,0
3185,0
69228,0
20689,0
66485,0
18514,0
68977,0
58418,0
32225,0
54280,0
38700,0
5082,0
3750,0
29908,0
27478,0
30074,0
12307,0
26999,0
64124,0
54120,0
30886,0
52548,0
35936,0
17697,0
62346,0
52509,0
70445,0
60337,0
19039,0
70412,0
26427,0
35137,0
21467,0
8056,0
17913,0
39470,0
5592,0
12455,0
4112,0
34333,0
47647,0
46812,0
37748,0
41079,0
61353,0
61098,0
2713,0
23689,0
74381,0
35305,0
64110,0
36171,0
59747,0
22867,0
24396,0
17790,0
12422,0
11244,0
28134,0
34173,0
57445,0
3036,0
23618,0
5134,0
39885,0
26214,0
30894,0
45838,0
20835,0
27789,0
59083,0
26238,0
74060,0
7313,0
19756,0
68120,0
68315,0
20631,0
6995,0
59153,0
41787,0
9815,0
8493,0
35343,0
22926,0
33309,0
52718,0
67939,0
59713,0
59131,0
23419,0
38186,0
66353,0
15562,0
65242,0
67184,0
44056,0
58852,0
22890,0
67721,0
39085,0
41917,0
34673,0
40292,0
11531,0
68636,1
42918,0
59566,0
28348,0
31414,0
11392,0
6556,0
1521,0
66551,0
74190,0
56309,0
65270,0
26054,0
68842,0
2541,0
63834,0
67339,0
10047,0
74663,0
25816,0
3074,0
72475,0
61639,0
65471,0
42581,0
51998,0
26460,0
72854,0
67917,0
42385,0
72729,0
37510,0
33348,0
16683,1
4897,0
45559,0
9830,0
55445,0
35604,0
40348,0
66219,0
59039,0
50688,0
13988,0
44894,0
23825,0
69245,0
72553,0
24863,0
69815,0
15183,0
54285,0
61109,0
21265,0
57047,0
8098,0
61309,0
52063,0
4071,0
70535,0
4193,0
34201,0
11160,0
63555,0
21627,0
28676,0
36721,0
63238,0
51276,0
15274,0
17875,0
27113,0
57102,0
3944,0
73774,0
27935,0
44333,0
458,0
43768,0
26522,0
67479,0
65411,0
43682,0
21725,0
68434,0
41920,0
33527,0
14943,0
53603,0
55790,0
16409,0
62651,0
40894,0
41254,0
12761,0
19844,0
23660,0
71389,0
72971,0
19237,0
30615,0
45242,0
62798,0
18349,0
60480,0
71475,0
62656,0
6374,0
53588,0
36022,0
54160,0
67429,0
11593,0
69807,0
7495,0
23581,0
21018,0
16537,0
37315,0
43788,0
17870,0
60849,0
16441,0
3009,0
14082,0
42722,0
57669,0
45344,0
8452,0
10414,0
42045,0
16824,0
75273,0
42356,0
39197,0
19166,0
30030,0
50613,0
14389,0
19410,0
31229,0
69780,0
51636,0
68850,0
32161,0
42553,0
59841,0
39087,0
20191,0
43694,0
25692,0
5301,0
4859,0
38931,0
10360,0
16920,0
26127,0
24591,0
32383,0
41066,0
73869,0
25832,0
27671,0
23476,0
30858,0
38738,0
1587,0
6071,0
29689,0
23508,0
28523,0
5015,0
32757,0
36609,0
61474,0
26927,0
23644,0
10956,0
5391,0
62518,0
65963,0
34065,0
55684,0
58908,0
30927,0
8723,0
34686,0
32511,0
58161,0
14214,0
58490,0
53887,0
9455,0
54259,0
48473,0
61059,0
72467,0
54709,0
41169,0
42991,0
50230,0
47125,0
54546,0
34731,0
5748,0
20394,0
56369,0
60070,0
65344,0
2385,0
15320,0
36515,0
5193,0
12204,0
45072,0
46640,0
34367,0
13859,0
64084,0
64455,0
46199,0
8652,0
5310,0
27276,0
71578,0
74198,0
23527,0
25432,0
36428,0
60156,0
42513,0
3683,0
9385,0
59558,0
74124,0
56028,0
52603,0
2095,0
62709,0
58434,0
23481,0
30708,0
55180,0
3714,0
35901,0
72117,0
74249,0
63816,0
38463,0
59610,0
6642,0
20325,0
11405,0
2595,0
3943,0
5255,0
14752,0
40634,0
51342,0
40997,0
17565,0
56251,0
6613,0
16985,0
67983,0
53565,0
13455,0
74652,0
57249,0
35205,0
29124,0
52120,0
66489,0
37548,0
67635,0
66069,0
3101,0
67874,0
65314,0
260,0
32134,0
41430,0
62204,0
33262,0
18549,0
31863,0
64947,0
1551,0
75466,0
36702,0
41966,0
23055,0
38544,0
21984,0
3148,0
75011,0
5430,0
26399,0
19826,0
59296,0
14705,0
51863,0
12106,0
19970,0
65813,0
40721,0
48458,0
25655,0
3674,0
19690,0
1796,0
50349,0
15767,0
10187,0
35925,0
51785,0
43557,0
68651,0
23378,0
53185,0
22471,0
66570,0
63416,0
34061,0
10694,0
15190,0
35761,0
33108,0
794,0
41356,0
60911,0
52003,0
65104,0
48817,0
41033,0
46665,0
47042,0
9691,0
4639,0
56563,0
66562,0
883,0
69976,0
62725,0
25930,0
23554,0
63583,0
31169,0
51061,0
4914,0
44306,0
49941,0
21214,0
26805,0
71014,0
4021,0
65284,0
26694,0
46985,0
17329,0
490,0
70711,0
48554,0
10544,0
21892,0
44717,0
50939,0
55645,0
59891,0
75142,0
20514,0
26085,0
56160,0
32214,0
22381,0
49759,0
26440,0
3393,0
54474,0
5371,0
17698,0
12671,0
28942,0
26984,0
34246,0
54113,0
8894,0
71483,0
30015,0
10832,0
22206,0
54880,0
22531,0
25650,0
36814,0
71859,0
36570,0
6525,0
44440,0
16329,0
49806,0
24342,0
65614,0
41573,0
64910,0
55651,0
58741,0
10088,0
55851,0
65597,0
36356,0
64605,0
17468,0
21869,0
33715,0
6021,0
16674,0
46650,0
67245,0
55305,0
26718,0
12601,0
54642,0
7356,0
4773,0
619,0
17205,0
74342,0
43001,0
51849,0
12166,0
20310,0
73579,0
47953,0
56759,0
59748,0
52224,0
26215,0
16801,0
24644,0
11068,0
29813,0
21746,0
21870,0
46496,0
22352,0
32204,0
74692,0
56730,0
8703,0
14304,0
57483,0
72970,0
8069,0
44122,0
27997,0
49684,0
17654,0
57230,0
22165,0
14125,0
45941,0
14479,0
61501,0
55926,0
73736,0
46440,0
42548,0
9538,0
48109,0
53453,0
4964,0
50798,0
48337,0
23302,0
67298,0
42938,0
3426,0
72896,0
40445,0
53334,0
72548,0
21761,0
60571,0
21661,0
38060,0
63928,0
7520,0
55337,0
9005,0
57255,0
