id,TARGET
3496,0
17271,0
44259,0
64996,0
23333,0
56223,0
19215,0
58525,0
53631,0
53855,0
7187,0
72540,0
34666,0
61295,0
19565,0
28448,0
19101,0
17743,0
57576,0
11499,0
44135,0
20600,0
22681,0
14324,0
35293,0
20080,0
24735,0
43777,0
65453,0
36677,0
16476,0
2899,0
66817,0
22307,0
2497,0
47577,0
68430,0
46136,0
2134,0
47358,0
33552,0
75722,0
55049,0
62554,0
23792,0
48737,0
5155,0
27990,0
74584,0
71006,0
1305,0
68741,0
11020,0
75088,0
15837,0
42258,0
44837,0
27214,0
17588,0
19816,0
64426,0
3262,0
38484,0
68514,0
8067,0
50402,0
69636,0
57017,0
8994,0
1401,0
63827,0
26132,0
14513,0
60563,0
61786,0
62362,0
56240,0
38973,0
64289,0
55434,0
15642,0
16393,0
50289,0
29985,0
61978,0
71619,0
16700,0
74602,0
15045,0
70314,0
73791,0
68286,0
47868,0
16196,0
52130,0
45190,0
23920,0
68760,0
512,0
52978,0
59452,0
55290,0
32936,0
56959,0
56466,0
33407,0
8685,1
10220,0
17729,0
65463,0
21730,0
32141,0
67263,0
9382,0
47780,0
6674,0
2315,0
48922,0
25389,0
3024,0
34252,0
67853,0
27848,0
33920,0
6943,0
59846,0
67786,0
73542,0
62800,0
73081,0
50949,0
73203,0
45745,0
48829,0
41095,0
15931,0
20936,0
39111,0
72391,0
14881,0
45734,0
21282,0
47343,0
31257,0
35956,0
46131,0
39604,0
19747,0
31659,0
65832,0
42348,0
52417,0
18093,0
39343,0
43486,0
51028,0
21004,0
20262,0
24624,0
52513,0
28876,0
28260,0
40906,0
29437,0
42875,0
41144,0
75749,0
52659,0
40276,0
23282,0
43712,0
65163,0
64781,0
51031,0
16055,0
71985,0
67471,0
61334,0
34484,0
37303,0
33237,0
54118,0
48525,0
1022,0
10828,0
22324,0
21409,0
74316,0
22353,0
27345,0
75343,0
35918,0
67810,0
14613,0
16540,0
37041,0
41463,0
51956,0
47172,0
44797,0
20612,0
73153,0
64719,0
75363,0
14497,0
25723,0
63995,0
10036,0
74002,0
13555,0
12861,0
64238,0
16261,0
50374,0
75288,0
9310,0
27016,0
1104,0
43757,0
57226,0
45056,0
74888,0
72444,0
45765,0
13339,0
40668,0
62602,0
52025,0
57546,0
21046,0
28707,0
74723,0
36643,0
16006,0
42389,0
52875,0
11709,0
58098,0
45469,0
4987,0
29761,0
2186,0
70556,0
24821,0
62047,0
38631,0
50335,0
69314,0
48054,0
46682,0
20001,0
73528,0
6493,0
63635,0
48388,0
59215,0
7009,0
38807,0
31834,0
53411,0
42982,0
34968,0
22049,0
29893,0
73026,0
67989,0
14892,0
12597,0
70286,0
73333,0
19056,0
44528,0
43378,0
29978,0
49288,0
44059,0
27791,0
56700,0
17385,0
33420,0
54165,0
69718,0
50552,0
8328,0
71149,0
42431,0
65446,0
46823,0
22901,0
22345,0
16164,0
11229,0
59626,0
2513,0
74288,0
57148,0
63766,0
62826,0
11828,0
17552,0
60094,0
73604,0
219,0
44700,0
18610,0
32387,0
60752,0
13752,0
66481,0
22682,0
51060,0
12270,0
65621,0
72140,0
58277,0
18585,0
31781,0
10986,0
38600,0
21351,0
11848,0
42086,0
67928,0
14274,0
42649,0
73806,0
7067,0
27018,0
43040,0
46011,0
25678,0
61860,0
16479,0
58417,0
73691,0
17036,0
69928,0
63229,0
22570,0
25882,0
17849,0
17394,0
29104,0
31198,0
50715,0
29470,0
39118,0
41290,0
47006,0
55500,0
13529,0
38854,0
29106,0
74217,0
65114,0
49002,0
21977,0
42791,0
584,0
15224,0
6837,0
1916,0
50727,0
46557,0
75391,0
67566,0
50731,0
69412,0
60246,0
40799,0
52860,0
44764,0
50393,0
74001,0
48848,0
69275,0
54945,0
390,0
72613,0
27099,0
31978,0
59019,0
10462,0
174,0
69090,0
20202,0
13820,0
13921,0
63549,0
9031,0
29130,0
56135,0
58467,0
29,0
22403,0
45126,0
3919,0
64711,0
743,0
2207,0
28584,0
40570,0
5030,0
64447,0
24610,0
3185,0
69228,0
20689,0
66485,0
18514,0
68977,0
58418,0
32225,0
54280,0
38700,0
5082,0
3750,0
29908,0
27478,0
30074,0
12307,0
26999,0
64124,0
54120,0
30886,0
52548,0
35936,0
17697,0
62346,0
52509,0
70445,0
60337,0
19039,0
70412,0
26427,0
35137,0
21467,0
8056,0
17913,0
39470,0
5592,0
12455,0
4112,0
34333,0
47647,0
46812,0
37748,0
41079,0
61353,0
61098,0
2713,0
23689,0
74381,0
35305,0
64110,0
36171,0
59747,0
22867,0
24396,0
17790,0
12422,0
11244,0
28134,0
34173,0
57445,0
3036,0
23618,0
5134,0
39885,0
26214,0
30894,0
45838,0
20835,0
27789,0
59083,0
26238,0
74060,0
7313,0
19756,0
68120,0
68315,0
20631,0
6995,0
59153,0
41787,0
9815,0
8493,0
35343,0
22926,0
33309,0
52718,0
67939,0
59713,0
59131,0
23419,0
38186,0
66353,0
15562,0
65242,0
67184,0
44056,0
58852,0
22890,0
67721,0
39085,0
41917,0
34673,0
40292,0
11531,0
68636,0
42918,0
59566,0
28348,0
31414,0
11392,0
6556,0
1521,0
66551,0
74190,0
56309,0
65270,0
26054,0
68842,0
2541,0
63834,0
67339,0
10047,0
74663,0
25816,0
3074,0
72475,0
61639,0
65471,0
42581,0
51998,0
26460,0
72854,0
67917,0
42385,0
72729,0
37510,0
33348,0
16683,1
4897,0
45559,0
9830,0
55445,0
35604,0
40348,0
66219,0
59039,0
50688,0
13988,0
44894,0
23825,0
69245,0
72553,0
24863,0
69815,0
15183,0
54285,0
61109,0
21265,0
57047,0
8098,0
61309,0
52063,0
4071,0
70535,0
4193,0
34201,0
11160,0
63555,0
21627,0
28676,0
36721,0
63238,0
51276,0
15274,0
17875,0
27113,0
57102,0
3944,0
73774,0
27935,0
44333,0
458,0
43768,0
26522,0
67479,0
65411,0
43682,0
21725,0
68434,0
41920,0
33527,0
14943,0
53603,0
55790,0
16409,0
62651,0
40894,0
41254,0
12761,0
19844,0
23660,0
71389,0
72971,0
19237,0
30615,0
45242,0
62798,0
18349,0
60480,0
71475,0
62656,0
6374,0
53588,0
36022,0
54160,0
67429,0
11593,0
69807,0
7495,0
23581,0
21018,0
16537,0
37315,0
43788,0
17870,0
60849,0
16441,0
3009,0
14082,0
42722,0
57669,0
45344,0
8452,0
10414,0
42045,0
16824,0
75273,0
42356,0
39197,0
19166,0
30030,0
50613,0
14389,0
19410,0
31229,0
69780,0
51636,0
68850,0
32161,0
42553,0
59841,0
39087,0
20191,0
43694,0
25692,0
5301,0
4859,0
38931,0
10360,0
16920,0
26127,0
24591,0
32383,0
41066,0
73869,0
25832,0
27671,0
23476,0
30858,0
38738,0
1587,0
6071,0
29689,0
23508,0
28523,0
5015,0
32757,0
36609,0
61474,0
26927,0
23644,0
10956,0
5391,0
62518,0
65963,0
34065,0
55684,0
58908,0
30927,0
8723,0
34686,0
32511,0
58161,0
14214,0
58490,0
53887,0
9455,0
54259,0
48473,0
61059,0
72467,0
54709,0
41169,0
42991,0
50230,0
47125,0
54546,0
34731,0
5748,0
20394,0
56369,0
60070,0
65344,0
2385,0
15320,0
36515,0
5193,0
12204,0
45072,0
46640,0
34367,0
13859,0
64084,0
64455,0
46199,0
8652,0
5310,0
27276,0
71578,0
74198,0
23527,0
25432,0
36428,0
60156,0
42513,0
3683,0
9385,0
59558,0
74124,0
56028,0
52603,0
2095,0
62709,0
58434,0
23481,0
30708,0
55180,0
3714,0
35901,0
72117,0
74249,0
63816,0
38463,0
59610,0
6642,0
20325,0
11405,0
2595,0
3943,0
5255,0
14752,0
40634,0
51342,0
40997,0
17565,0
56251,0
6613,0
16985,0
67983,0
53565,0
13455,0
74652,0
57249,0
35205,0
29124,0
52120,0
66489,0
37548,0
67635,0
66069,0
3101,0
67874,0
65314,0
260,0
32134,0
41430,0
62204,0
33262,0
18549,0
31863,0
64947,0
1551,0
75466,0
36702,0
41966,0
23055,0
38544,0
21984,0
3148,0
75011,0
5430,0
26399,0
19826,0
59296,0
14705,0
51863,0
12106,0
19970,0
65813,0
40721,0
48458,0
25655,0
3674,0
19690,0
1796,0
50349,0
15767,0
10187,0
35925,0
51785,0
43557,0
68651,0
23378,0
53185,0
22471,0
66570,0
63416,0
34061,0
10694,0
15190,0
35761,0
33108,0
794,0
41356,0
60911,0
52003,0
65104,0
48817,0
41033,0
46665,0
47042,0
9691,0
4639,0
56563,0
66562,0
883,0
69976,0
62725,0
25930,0
23554,0
63583,0
31169,0
51061,0
4914,0
44306,0
49941,0
21214,0
26805,0
71014,0
4021,0
65284,0
26694,0
46985,0
17329,0
490,0
70711,0
48554,0
10544,0
21892,0
44717,0
50939,0
55645,0
59891,0
75142,0
20514,0
26085,0
56160,0
32214,0
22381,0
49759,0
26440,0
3393,0
54474,0
5371,0
17698,0
12671,0
28942,0
26984,0
34246,0
54113,0
8894,0
71483,0
30015,0
10832,0
22206,0
54880,0
22531,0
25650,0
36814,0
71859,0
36570,0
6525,0
44440,0
16329,0
49806,0
24342,0
65614,0
41573,0
64910,0
55651,0
58741,0
10088,0
55851,0
65597,0
36356,0
64605,0
17468,0
21869,0
33715,0
6021,0
16674,0
46650,0
67245,0
55305,0
26718,0
12601,0
54642,0
7356,0
4773,0
619,0
17205,0
74342,0
43001,0
51849,0
12166,0
20310,0
73579,0
47953,0
56759,0
59748,0
52224,0
26215,0
16801,0
24644,0
11068,0
29813,0
21746,0
21870,0
46496,0
22352,0
32204,0
74692,0
56730,0
8703,0
14304,0
57483,0
72970,0
8069,0
44122,0
27997,0
49684,0
17654,0
57230,0
22165,0
14125,0
45941,0
14479,0
61501,0
55926,0
73736,0
46440,0
42548,0
9538,0
48109,0
53453,0
4964,0
50798,0
48337,0
23302,0
67298,0
42938,0
3426,0
72896,0
40445,0
53334,0
72548,0
21761,0
60571,0
21661,0
38060,0
63928,0
7520,0
55337,0
9005,0
57255,0
52962,0
52848,0
15974,0
42400,0
29940,0
67425,0
8404,0
46046,0
59730,0
46194,0
3885,0
44520,0
57034,0
60918,0
69912,0
8235,0
44900,0
18300,0
54979,0
34898,0
69586,0
27168,0
13955,0
42641,0
59969,0
53126,0
46299,0
24815,0
63355,0
908,0
19328,0
50094,0
20968,0
51812,0
23755,0
9249,0
37337,0
69214,0
22178,0
72631,0
56335,0
45852,0
27162,0
67021,0
36357,0
49058,0
64579,0
24416,0
14672,0
69021,0
57575,0
53327,0
47416,0
61997,0
71553,0
19294,0
20434,0
63780,0
49930,0
46978,0
57086,0
66341,0
19335,0
13525,0
35393,0
24119,0
44877,0
69309,0
6177,0
57476,0
54319,0
11802,0
70174,0
46595,0
45105,0
36433,0
72579,0
49687,0
39164,0
50258,0
23147,0
59679,0
52941,0
4963,0
71552,0
41802,0
8604,0
36217,0
68609,0
53717,0
13541,0
14206,0
48300,0
26719,0
17805,0
50213,0
30123,0
654,0
30566,0
69628,0
36893,0
27897,0
2026,0
57217,0
24700,0
5448,0
75614,0
7061,0
73942,0
13399,0
41005,0
22421,0
45488,0
28308,0
65056,0
69298,0
51141,0
28468,0
4118,0
56081,0
33250,0
66449,0
44693,0
75729,0
49792,0
59604,0
14247,0
31317,0
66180,0
21886,0
73803,0
37571,0
74831,0
54594,0
75669,0
43250,0
43075,0
66718,0
6809,0
69540,0
65998,0
5215,0
51745,0
61793,0
20784,0
55895,0
60328,0
32128,0
68051,0
11425,0
12342,0
3777,0
216,0
64928,0
46983,0
51586,0
5378,0
58357,0
9221,0
59133,0
52418,0
600,0
36824,0
22888,0
21559,0
5951,0
18506,0
20798,0
9898,0
14680,0
32464,0
67545,0
41934,0
33872,0
5084,0
10242,0
15025,0
32173,0
53137,0
44684,0
19172,0
21118,0
45170,0
43188,0
61923,0
14538,0
57813,0
55871,0
15566,0
16501,0
2958,0
36537,0
58540,0
52662,0
6543,0
68846,0
47751,0
29725,0
36891,0
58310,0
31012,0
14931,0
74442,0
51738,0
74374,0
54189,0
14930,0
63206,0
33792,0
68530,0
47387,0
75622,0
36104,0
4953,0
71539,0
21366,0
68611,0
43565,0
75778,0
16217,0
30648,0
919,0
17453,0
27384,0
56849,0
21726,0
56616,0
8555,0
50569,0
6964,0
70194,0
42735,0
4420,0
56378,0
19285,0
34892,0
2403,0
48183,0
42682,0
63433,0
35991,0
43430,0
28113,0
20401,0
73745,0
14388,0
73854,0
59994,0
72059,0
5393,0
4931,0
37793,0
12523,0
57059,0
33938,0
17296,0
16088,0
33175,0
5352,0
71239,0
70064,0
42530,0
41833,0
2405,0
8054,0
46121,0
69341,0
47732,0
63392,0
53015,0
61968,0
40199,0
48495,0
44758,0
58982,0
67109,0
74380,0
61598,0
20370,0
3993,0
49950,0
18218,0
12495,0
2964,0
24878,0
21499,0
53756,0
18041,0
10283,0
61060,0
29859,0
29831,0
23641,0
14836,0
34232,0
60829,0
62146,0
11217,0
63495,0
8388,0
42264,0
51803,0
51493,0
6626,0
46739,0
28312,1
71857,0
2169,0
35589,0
13285,0
2601,0
67287,0
26779,0
65742,0
63494,0
41868,0
40063,0
61273,0
62885,0
57174,0
10744,0
8029,0
54480,0
64050,0
36933,0
34588,0
71352,0
67255,0
63075,0
14279,0
46257,0
44548,0
23102,0
3210,0
4,0
20706,0
1169,0
49561,0
36316,0
10662,0
72757,0
58647,0
38871,0
50428,0
16283,0
45510,0
38441,0
24000,0
60618,0
42964,0
61238,0
7886,0
1882,0
34923,0
42683,0
34200,0
60243,0
4101,0
51545,0
42481,0
20466,0
4095,0
20147,0
54337,0
27952,0
5169,0
57907,0
17392,0
49382,0
18688,0
72623,0
31200,0
68380,0
58437,0
7921,0
12896,0
51688,0
66495,0
59870,0
19156,0
32498,0
25085,0
42796,0
2646,0
42508,0
22809,0
9575,0
20460,0
42739,0
36163,0
13498,0
870,0
51385,0
31818,0
11512,0
21500,0
51896,0
4737,0
11223,0
6731,0
58173,0
47229,0
43872,0
32337,0
915,0
66650,0
36339,0
55966,0
16743,0
50629,0
64742,0
50178,0
22247,0
6111,0
34321,0
28267,0
10070,0
48021,0
44675,0
38822,0
75434,0
61063,0
15607,0
74990,0
40127,0
32234,0
43935,0
36592,0
18753,0
26222,0
68731,0
32560,0
68737,0
63880,0
34416,0
74329,0
43687,0
31276,0
22093,0
10513,0
28336,0
37804,0
11995,0
61914,0
5141,0
6607,0
57063,0
70563,0
35373,0
4771,0
50309,0
60372,0
42788,0
24632,0
35790,0
49047,0
25428,0
16096,0
8207,0
43576,0
14679,0
53697,0
640,0
52958,0
56603,0
407,0
14329,0
69418,0
36251,0
42533,0
22833,0
52139,0
13639,0
1308,0
44546,0
46312,0
29206,0
26123,0
48491,0
4360,0
51770,0
32052,0
54233,0
20688,0
16763,0
37150,0
18594,0
48510,0
49150,0
18662,0
56142,0
53579,0
241,0
69187,0
73953,0
45951,0
1800,0
4391,0
39837,0
31733,0
65773,0
64154,0
3477,0
41664,0
59957,0
12161,0
62757,0
2720,0
47853,0
34031,0
53291,0
59007,0
68449,0
27155,0
23584,0
45584,0
7308,0
14044,0
18665,1
52795,0
75452,0
904,0
45917,0
3940,0
39460,0
59487,0
3163,0
4467,0
26330,0
45361,0
48615,0
51621,0
14960,0
56737,0
66474,0
75429,0
20819,0
18984,0
60084,0
22264,0
69058,0
34165,0
28951,0
14636,0
24367,0
54768,0
41796,0
53293,0
13711,0
53151,0
39520,0
58885,0
69597,0
26340,0
63027,0
46281,0
69185,0
52243,0
7030,0
44645,0
70161,0
42776,0
256,0
12675,0
40161,0
68635,0
65807,0
34960,0
48498,0
73302,0
47239,0
30048,0
35670,0
52639,0
146,0
12952,0
27779,0
15049,0
6859,0
7831,0
38009,0
20005,0
27880,0
39811,0
37363,0
14278,0
52014,0
57995,0
43143,0
58100,0
31529,0
74417,0
45547,0
42798,0
11589,0
74530,0
1555,0
8537,0
55036,0
37155,0
34191,0
26675,0
36972,0
50311,0
74704,0
7677,0
67892,0
72156,0
59818,0
56747,0
53653,0
22640,0
49520,0
28983,0
75489,0
53390,0
74632,0
69583,0
60018,0
52950,0
30350,0
58698,0
56773,0
1601,0
58438,0
50776,0
6097,0
22946,0
75420,0
28999,0
38213,0
49077,0
22245,0
2229,0
40847,0
20539,0
48808,0
29509,0
35627,0
11627,0
50068,0
69109,0
35929,0
26038,0
22999,0
47119,0
47827,0
44637,0
69239,0
33794,0
48707,0
13048,0
67522,0
9930,0
21084,0
51611,0
19514,0
26416,0
57298,0
40782,0
21828,0
53844,0
25562,0
21468,0
13719,0
65889,0
62779,0
37637,0
33789,0
75335,0
36767,0
59459,0
7942,0
57016,0
19059,0
55900,0
75315,0
27734,0
88,0
13187,0
30073,0
21629,0
26379,0
61153,0
74982,0
39136,0
29687,0
21021,0
3440,0
33297,0
43956,0
28170,0
54231,0
9597,0
31611,0
73471,0
41602,0
58226,0
8213,0
6422,0
64938,0
57556,0
46537,0
8626,0
58685,0
16348,0
21565,0
440,0
6426,0
35661,0
55744,0
41913,0
44690,0
29652,0
57805,0
68310,0
48199,0
50465,0
54744,0
21810,0
24856,0
17642,0
15085,0
25412,0
41668,0
39844,0
60896,0
61939,0
57734,0
38131,0
58205,0
44517,0
54323,0
69854,0
64929,0
19771,0
23319,0
3858,0
31051,0
39020,0
24951,0
53353,0
56162,0
64894,0
4427,0
11486,0
24147,0
42908,0
7986,0
60929,0
24320,0
31062,0
7588,0
39655,0
43302,0
48520,0
27094,0
25552,0
1790,0
59565,0
54077,0
73353,0
14485,0
43513,0
49545,0
40752,0
60223,0
47981,0
15967,0
11003,0
11849,0
41733,0
23133,0
53218,0
23311,0
18302,0
53287,0
42219,0
44909,0
29082,0
38589,0
41212,0
44126,0
54952,0
26775,0
10649,0
69626,0
72124,0
70367,0
671,0
4231,0
12373,0
68547,0
32101,0
56431,0
50404,0
20496,0
4202,0
14147,0
12902,0
37056,0
33146,0
53082,0
51368,0
5481,0
30384,0
33242,0
8084,0
24623,0
36581,0
41166,0
2121,0
59124,0
40478,0
67796,0
75256,0
8761,0
45667,0
12792,0
44254,0
10772,0
67813,0
65351,0
50858,0
29325,0
12979,0
35987,0
72152,0
16178,0
32139,0
40773,0
45030,0
45556,0
25473,0
46515,0
47383,0
21041,0
10323,0
36679,0
36326,0
19877,0
27087,0
47805,0
42123,0
31410,0
37308,0
75382,0
21571,0
11359,0
46393,0
1563,0
58190,0
54773,0
2567,0
25898,0
25665,0
25908,0
41615,0
15493,0
2633,0
34476,0
6587,0
22543,0
35053,0
41632,0
7907,0
50505,0
19451,0
4995,0
6054,0
62327,0
65539,0
8159,0
37471,0
17284,0
28442,0
64889,0
21185,0
44145,0
55548,0
9577,0
24505,0
16225,0
13465,0
15601,0
66714,0
47800,0
40481,0
832,0
15077,0
32925,0
33477,0
7072,0
74192,0
43168,0
6008,0
2366,0
41735,0
29119,0
54974,0
22068,0
67083,0
59521,0
17906,0
67136,0
19737,0
23859,0
4110,0
49748,0
9539,0
2335,0
22938,0
32034,0
49222,0
1687,0
28465,0
2266,0
37175,0
29838,0
32007,0
54906,0
3921,0
57744,0
49008,0
25446,0
12493,0
73495,0
29114,0
280,0
33013,0
26305,0
60628,0
52016,0
52527,0
37863,0
5556,0
37536,0
28679,0
8846,0
51661,0
25001,0
27764,0
19888,0
30034,0
17658,0
7650,0
52933,0
20287,0
12719,0
16166,0
64279,0
73115,0
43395,0
45196,0
9960,0
31916,0
379,0
72968,0
68450,0
8720,0
47775,0
37772,0
67863,0
61204,0
57371,0
65521,0
67378,0
72397,0
50095,0
36895,0
8045,0
49356,0
38579,0
56242,0
55941,0
57577,0
20554,0
9062,0
62079,0
19074,0
32227,0
23603,0
14883,0
21709,0
31890,0
19222,0
36796,0
75165,0
59436,0
762,0
34391,0
55888,0
68179,0
40662,0
55921,0
63103,0
5066,0
72796,0
12127,0
65371,0
22229,0
72108,0
4210,0
62228,0
70076,0
61029,0
19728,0
74491,0
51331,0
28574,0
73264,0
55991,0
35896,0
55220,0
67204,0
7970,0
67337,0
61299,0
8050,0
72717,0
64650,0
59615,0
17526,0
35787,0
66619,0
59762,0
18407,0
58854,0
11142,0
6519,0
49148,0
1794,0
8998,0
59216,0
19545,0
30822,0
49602,0
17487,0
59126,0
22924,0
9059,0
32187,0
13323,0
21635,0
33695,0
20313,0
20149,0
63482,0
17505,0
58354,0
61676,0
31125,0
11529,0
47131,0
17374,0
60272,0
69990,0
33838,0
13265,0
42552,0
10815,0
55297,0
69357,0
72468,0
26297,0
44043,0
23966,0
26740,0
59727,0
41091,0
12063,0
50859,0
25241,0
72764,0
20742,0
34221,0
52542,0
59361,0
39985,0
34168,0
59822,0
35796,0
26706,0
37192,0
68632,0
61003,0
36303,0
39292,0
1738,0
70550,0
53472,0
15408,0
21103,0
62917,0
42479,0
21733,0
44424,0
1885,0
28339,0
69114,0
29530,0
281,0
55363,0
30070,0
22149,0
49721,0
4133,0
63837,0
5392,0
41840,0
75086,0
322,0
36758,0
19319,0
59926,0
33117,0
25127,0
67194,0
15709,0
12466,0
40019,0
50388,0
49880,0
61593,0
62957,0
10116,0
15550,0
19641,0
3593,0
29079,0
20285,0
18818,0
39692,0
47188,0
27058,0
31931,0
34574,0
59150,0
42628,0
52479,0
70392,0
21072,0
71511,0
65147,0
25436,0
9584,0
59491,0
29986,0
56007,0
34070,0
54004,0
30602,0
27493,0
23926,0
67822,0
18417,0
36155,0
11651,0
55667,0
47928,0
17808,0
28484,0
7183,0
511,0
19268,0
68921,0
65116,0
70052,0
71488,0
43386,0
14322,0
20069,0
62743,0
50785,0
70293,0
40959,0
49003,0
11989,0
37829,0
59070,0
36275,0
69644,0
38767,0
10959,0
42846,0
4920,0
19393,0
39975,0
20646,0
61830,0
48856,0
34180,0
37125,0
50172,0
53449,0
27470,0
38251,0
75703,0
3443,0
59313,0
63710,0
73347,0
71723,0
6247,0
45473,0
22428,0
6597,0
40196,0
24410,0
30258,0
33180,0
4159,0
51376,0
73281,0
1826,0
47615,0
53781,0
2635,0
54969,0
68047,0
21770,0
33629,0
7025,0
42648,0
73629,0
44629,0
68738,0
48346,0
25819,0
67629,0
73634,0
27705,0
24549,0
49495,0
72082,0
61222,0
52853,0
65297,0
65044,0
44816,0
37726,0
23229,0
70446,0
48591,0
48402,0
70156,0
72005,0
51248,0
50998,0
70477,0
70811,0
26911,0
34794,0
16532,0
25703,0
37014,0
17351,0
74528,0
73038,0
68062,0
29424,0
75271,0
41662,0
36589,0
49282,0
15540,0
53706,0
27807,0
41628,0
43760,0
7891,0
29477,0
59374,0
73075,0
54876,0
52297,0
70945,0
6216,0
44326,0
52735,0
3605,0
32392,0
66635,0
74282,0
44793,0
10702,0
65261,0
72720,0
39813,0
47398,0
11469,0
66525,0
72892,0
22881,0
30314,0
71928,0
49663,0
12708,0
54803,0
74995,0
7842,0
45836,0
37140,0
64373,0
7282,0
42558,0
17030,0
44917,0
10647,0
65229,0
8522,0
66165,0
55415,0
16433,0
27693,0
15555,0
25358,0
66994,0
70840,0
64865,0
34229,0
54019,0
11782,0
69896,0
15037,0
12446,0
57595,0
20124,0
2468,0
67876,0
16687,0
9274,0
39710,0
5778,0
13939,0
8263,0
58931,0
75713,0
42059,0
11113,0
18327,0
60073,0
57475,0
27728,0
31603,0
56882,0
26580,0
40930,0
45237,0
20472,0
73237,0
62523,0
51796,0
66282,0
49381,0
57537,0
55160,0
72753,0
44103,0
34400,0
29980,0
981,0
49043,0
29268,0
54444,0
54882,0
16218,0
70870,0
73295,0
56230,0
12183,0
24090,0
60994,0
14633,0
23103,0
25456,0
69086,0
1076,0
75389,0
1129,0
46422,0
40011,0
20889,0
57420,0
62578,0
33549,0
56250,0
5338,0
64640,0
40045,0
57469,0
22315,0
33145,0
62364,0
45668,0
19161,0
17344,0
58145,0
1443,0
48851,0
57252,0
63025,0
22510,0
65703,0
33691,0
1209,0
35068,0
30095,0
72765,0
23462,0
44141,0
65677,0
7355,0
34817,0
46948,0
45858,0
55276,0
64776,0
37383,0
62814,0
35709,0
67212,0
6005,0
9436,0
59845,0
57910,0
5313,0
20300,0
40451,0
24295,0
60846,0
49000,0
58961,0
7950,0
11158,0
16075,0
16556,0
46155,0
50835,0
17614,0
38264,0
71672,0
51008,0
72762,0
47857,0
25578,0
73077,0
19122,0
3836,0
32468,0
47753,0
14704,0
35186,0
32023,0
12218,0
21753,0
3517,0
65238,0
63609,0
55329,0
12890,0
60936,0
2429,0
31938,0
16250,0
61303,0
18849,0
11742,0
55706,0
11070,0
28188,0
60336,0
50438,0
20365,0
38689,0
10086,0
28477,0
44151,0
57827,0
66825,0
53364,0
2692,0
4471,0
59293,0
49492,0
42070,0
27534,0
42866,0
667,0
48662,0
33775,0
67829,0
14964,0
40386,0
36372,0
64634,0
24010,0
10605,0
67763,0
24165,0
62816,0
57470,0
18570,0
46084,0
58510,0
3773,0
14468,0
62298,0
49409,0
71428,0
63702,0
24918,0
37960,0
71306,0
62375,0
48996,0
11911,0
29573,0
56437,0
6585,0
56476,0
17489,0
28255,0
20778,0
25827,0
23752,0
51736,0
67869,0
22765,0
29217,0
20882,0
42093,0
18592,0
2980,0
26973,0
61569,0
25126,0
20102,0
74807,0
16286,0
45549,0
56070,0
4952,0
56875,0
35231,0
60491,0
66982,0
7098,0
63288,0
66544,0
63420,0
30644,0
29621,0
34186,0
38882,0
44316,0
48742,0
39891,0
7325,0
2402,0
10164,0
20772,0
44159,0
43159,0
75717,0
67401,0
45301,0
25779,0
5626,0
71657,0
3677,0
56653,0
3064,0
19286,0
60797,0
40623,0
7350,0
19936,0
40820,0
34084,0
65947,0
38191,0
2887,0
32487,0
64530,0
69812,0
20836,0
23129,0
42236,0
19336,0
27132,0
3511,0
55478,0
31795,0
70025,0
70791,0
39682,0
6153,0
32053,0
28807,0
73671,0
16347,0
69036,0
27607,0
29491,0
8831,0
44767,0
27040,0
27405,0
31045,0
26571,0
55998,0
36193,0
61577,0
9145,0
8333,0
20079,0
28463,0
8608,0
50365,0
53591,0
18769,0
65584,0
22369,0
3614,0
31164,0
5895,0
28253,0
75453,0
17779,0
72716,0
22117,0
21165,0
68917,0
71341,0
62431,0
21157,0
60389,0
44417,0
55877,0
39854,0
66252,0
58740,0
54930,0
52880,0
15106,0
2611,0
49094,0
65107,0
43613,0
17622,0
11876,0
6486,0
14816,0
27207,0
10171,0
49710,0
17024,0
68388,0
46138,0
44095,0
59691,0
38262,0
56004,0
3173,0
73830,0
1888,0
37801,0
31577,0
43436,0
51953,0
419,0
67210,0
48937,0
20845,0
32351,0
58828,0
18406,0
30516,0
35807,0
48890,0
70319,0
45234,0
24557,0
8784,0
53942,0
19171,0
36053,0
8438,0
65231,0
60703,0
39302,0
17383,0
66240,0
8655,0
38420,0
724,0
63615,0
66337,0
19886,0
13877,0
5370,0
2383,0
62928,0
1180,0
26121,0
5759,0
73583,0
44251,0
3357,0
61138,0
15019,0
17894,0
27218,0
66776,0
12849,0
73976,0
39249,0
69349,0
1739,0
51285,0
16385,0
33730,0
54849,0
7096,0
10388,0
34166,0
19082,0
54170,0
2574,0
21523,0
71921,0
46265,0
58962,0
69453,0
72610,0
11139,0
52477,0
71362,0
12643,0
14009,0
60780,0
72531,0
20315,0
41992,0
38573,0
64409,0
55642,0
62158,0
39696,0
62735,0
42020,0
40531,0
73988,0
38414,0
31162,0
56691,0
16917,0
27512,0
75276,0
39010,0
48780,0
11206,0
13802,0
74224,0
10564,0
70614,0
49659,0
40054,0
44608,0
51264,0
40698,0
34594,0
44901,0
27683,0
23744,0
62862,0
44542,0
31154,0
50671,0
57110,0
47709,0
13066,0
56641,0
68408,0
15624,0
12200,0
29493,0
54400,0
56155,0
22337,0
19330,0
54886,0
34197,0
40227,0
70347,0
34449,0
48165,0
2854,0
29453,0
30233,0
73441,0
48729,0
30153,0
52539,0
51748,0
2948,0
39457,0
36877,0
44282,0
55931,0
14454,0
48368,0
71407,0
30981,0
27673,0
46864,0
21385,0
68944,0
11115,0
66410,0
50531,0
10899,0
9564,0
61201,0
69679,0
51498,0
30729,0
22894,0
35804,0
56757,0
14083,0
31548,0
49580,0
36992,0
18795,0
63112,0
41162,0
49565,0
71847,0
52996,0
39597,0
1143,0
11763,0
40322,0
1692,0
39172,0
44477,0
58865,0
11317,0
42647,0
67308,0
15805,0
11771,0
41330,0
58613,0
66021,0
68354,0
59005,0
25533,0
43781,0
59312,0
56570,0
75617,0
50087,0
895,0
43512,0
22306,0
68807,0
15058,0
16171,0
27503,0
66568,0
63671,0
42603,0
19923,0
40546,0
53952,0
6264,0
36568,0
16146,0
32625,0
17889,0
58638,0
54317,0
29272,0
47442,0
27120,0
59684,0
29478,0
56034,0
24713,0
23669,0
6716,0
40807,0
35266,0
23770,0
9153,0
45558,0
71990,0
41017,0
66175,0
57763,0
30021,0
14230,0
21020,0
9790,0
74005,0
27509,0
24733,0
41597,0
50436,0
4814,0
68887,0
15628,0
51602,0
55546,0
10313,0
54625,0
59413,0
61810,0
23112,0
47912,0
64010,0
51475,0
20215,0
36451,0
63678,0
73074,0
58378,0
8889,0
46826,0
73935,0
16741,0
41076,0
1762,0
71438,0
66360,0
13183,0
68154,0
18710,0
51483,0
6663,0
58979,0
12689,0
10153,0
13946,0
27751,0
15148,0
29681,0
37378,0
55692,0
3388,0
57345,0
11015,0
57684,0
43607,0
31596,0
70518,0
4596,0
40250,0
59300,0
75459,0
49508,0
45283,0
75306,0
72233,0
59675,0
41454,0
28291,0
35943,0
10856,0
70587,0
57819,0
54032,0
41896,0
37939,0
36518,0
2380,0
61105,0
524,0
65595,0
74457,0
73307,0
18689,0
22400,0
45305,0
12259,0
66331,0
57360,0
53433,0
13158,0
41856,0
24105,0
30445,0
56111,0
15659,0
56418,0
57328,0
21743,0
64295,0
63187,0
10567,0
57440,0
58811,0
19375,0
22614,0
64807,0
69016,0
21065,0
45460,0
10148,0
27795,0
37275,0
4736,0
5032,0
63095,0
68372,0
69421,0
10156,0
19873,0
71178,0
67537,0
71605,0
46174,0
17640,0
38521,0
36860,0
28972,0
32309,0
54206,0
59531,0
54159,0
6978,0
30289,0
35221,0
43306,0
9681,0
10315,0
13976,0
22488,0
4717,0
32055,0
56820,0
29806,0
4479,0
43855,0
70492,0
74750,0
55409,0
60115,0
11378,0
32516,0
34715,0
28947,0
32321,0
35476,0
46055,0
52046,0
20010,0
65894,0
53252,0
10932,0
33641,0
39723,0
12892,0
5707,0
50945,0
19832,0
72963,0
19914,0
43450,0
16335,0
53729,0
66941,0
66486,0
37717,0
28197,0
5727,0
3775,0
60547,0
24355,0
18390,0
730,0
31140,0
74717,0
65064,0
23119,0
21117,0
35185,0
11446,0
53575,0
6766,0
30970,0
38796,0
19589,0
5314,0
50154,0
51964,0
36945,0
19987,0
69007,0
47750,0
34790,0
58364,0
31819,0
53911,0
33009,0
14802,0
63952,0
74121,0
36077,0
15222,0
69629,0
33656,0
8754,0
36573,0
34471,0
11653,0
48577,0
29465,0
26099,0
28681,0
44748,0
4856,0
47352,0
40625,0
30670,0
67303,0
26752,0
64900,0
71975,0
41589,0
1874,0
67216,0
45700,0
74884,0
42734,0
274,0
70490,0
49678,0
10306,0
65599,0
13659,0
75140,0
74156,0
364,0
5335,0
59876,0
20656,0
51668,0
49467,0
47903,0
3062,0
23947,0
9083,0
13691,0
45883,0
28725,0
5894,0
55857,0
60500,0
17872,0
20668,0
61447,0
73548,0
46824,0
7378,0
30764,0
3305,0
66066,0
52650,0
65216,0
2801,0
54977,0
48919,0
45131,0
27938,0
68537,0
72409,0
30595,0
68433,0
73392,0
70539,0
7566,0
3017,0
17592,0
25697,0
7305,0
52171,0
9744,0
44579,0
24655,0
52387,0
24153,0
45400,0
61789,0
49537,0
26456,0
49831,0
53701,0
43651,0
26475,0
16842,0
62443,0
19700,0
38468,0
63935,0
75795,0
48827,0
22811,0
28646,0
38382,0
5822,0
52035,0
25077,0
39120,0
483,0
39924,0
40849,0
72285,0
65740,0
36550,0
41594,0
7879,0
14063,0
73609,0
25370,0
24116,0
39075,0
23043,0
55629,0
19770,0
19658,0
36241,0
36690,0
43127,0
34272,0
52462,0
47494,0
58773,0
47265,0
24760,0
19337,0
41554,0
3431,0
40491,0
48560,0
74212,0
51638,0
37015,0
52050,0
37403,0
47738,0
15170,0
28194,0
40832,0
58332,0
34478,0
21363,0
10700,0
32980,0
9001,0
24753,0
28281,0
50816,0
68500,0
8620,0
12249,0
135,0
41082,0
7272,0
37741,0
28024,0
24699,0
75799,0
19369,0
53305,0
20694,0
6051,0
22792,0
57854,0
14539,0
53312,0
54908,0
33536,0
5793,0
72607,0
50328,0
69497,0
51593,0
25163,0
31536,0
9400,0
19533,0
46264,0
18846,0
73328,0
33332,0
869,0
13544,0
29926,0
8964,0
60394,0
56663,0
30699,0
34562,0
67017,0
15796,0
58893,0
2410,0
34128,0
65450,0
49193,0
33911,0
4943,0
40690,0
27253,0
48965,0
31584,0
19740,0
75677,0
37119,0
36215,0
12010,0
57265,0
17426,0
5509,0
63825,0
33692,0
50274,0
54948,0
27000,0
13273,0
18411,0
41363,0
59599,0
74137,0
22138,0
60969,0
28594,0
47003,0
11730,0
32110,0
13610,0
20295,0
29972,0
29535,0
36462,0
39546,0
23185,0
12333,0
29040,0
18915,0
3655,0
52614,0
27933,0
60124,0
2296,0
74674,0
9409,0
54467,0
45135,0
39044,0
64984,0
39091,0
68769,0
29693,0
45235,0
54735,0
16623,0
74073,0
1003,0
25480,0
12901,0
16207,0
11877,0
37535,0
28900,0
5016,0
32566,0
67896,0
71029,0
35969,0
52166,0
60727,0
61344,0
9044,0
65315,0
48299,0
13249,0
60695,0
62403,0
65619,0
12068,0
63213,0
38185,0
47856,0
53206,0
59045,0
13069,0
51637,0
63521,0
33016,0
36937,0
56495,0
70484,0
22367,0
50837,0
56763,0
73498,0
22409,0
75250,0
35150,0
31815,0
10965,0
31926,0
53304,0
66512,0
50741,0
33159,0
17916,0
27415,0
17973,0
45129,0
17355,0
30176,0
25537,0
31255,0
45582,0
53797,0
59348,0
36453,0
20824,0
68780,0
29237,0
20482,0
3983,0
47063,0
5404,0
62454,0
33033,0
58535,0
45123,0
53757,0
21383,0
47297,0
63241,0
54047,0
68672,0
33299,0
41137,0
35326,0
19349,0
66211,0
20441,0
810,0
3385,0
58001,0
20762,0
31800,0
68722,0
41018,0
21044,0
73983,0
46772,0
24646,0
47050,0
56841,0
28973,0
20361,0
73330,0
5587,0
34093,0
60844,0
12289,0
55484,0
67579,0
41786,0
47791,0
38017,0
34014,0
28457,0
47854,0
14718,0
45756,0
38690,0
15376,0
38717,0
47152,0
72841,0
17140,0
56928,0
28187,1
29191,0
9122,0
75404,0
5884,0
15311,0
15208,0
3042,0
29350,0
16944,0
1700,0
11323,0
6881,0
31762,0
5124,0
28227,0
12145,0
18732,0
58118,0
45386,0
14601,0
42316,0
53070,0
60538,0
35721,0
16900,0
67268,0
48423,0
62351,0
73238,0
28096,0
33935,0
39831,0
433,0
25417,0
58866,0
41105,0
52956,0
1785,0
18315,0
17282,0
59551,0
53231,0
25772,0
36483,0
55287,0
25382,0
24271,0
31793,0
63098,0
17258,0
25156,0
46694,0
3467,0
32401,0
59716,0
26945,0
10122,0
17105,0
29243,0
13372,0
23127,0
29247,0
36487,0
51210,0
40612,0
61940,0
74393,0
22910,0
62716,0
2233,0
46053,0
106,0
67008,0
7447,0
7481,0
16513,0
55413,0
14781,0
74654,0
61041,0
44421,0
54708,0
47392,0
56268,0
54824,0
27882,0
66763,0
61370,0
51997,0
4007,0
67130,0
28489,0
40822,0
825,0
50891,0
49244,0
15571,0
19217,0
8092,0
73480,0
21764,0
23422,0
22549,0
23387,0
55263,0
48942,0
1928,0
41247,0
57154,0
46310,0
45121,0
28501,0
5800,0
40371,0
14475,0
10491,0
35453,0
53302,0
13234,0
59495,0
17772,0
57456,0
12604,0
73530,0
29332,0
24305,0
278,0
16249,0
58257,0
19856,0
50880,0
28191,0
42482,0
68181,0
61546,0
70802,0
6524,0
45879,0
40055,0
37390,0
20229,0
181,0
32416,0
21835,0
18983,0
15803,0
71392,0
1347,0
37728,0
43910,0
17788,0
26349,0
1248,0
12473,0
2689,0
12900,0
10195,0
61462,0
11746,0
63666,0
71166,0
71820,0
0,0
15823,0
15842,0
15885,0
37971,0
26931,0
57170,0
30464,0
30638,0
6623,0
22857,0
40972,0
10421,0
2820,0
25246,0
41717,0
300,0
33642,0
35291,0
26886,0
67550,0
44832,0
43165,0
23878,0
49241,0
1424,0
573,0
23978,0
64217,0
33267,0
16962,0
12276,0
55752,0
50777,0
61113,0
55898,0
14817,0
10955,0
69492,0
3110,0
19312,0
51314,0
40965,0
9259,0
26005,0
70462,0
43656,0
46757,0
7526,0
29786,0
5819,0
24390,0
46877,0
42347,0
61495,0
53620,0
6143,0
40389,0
39931,0
49309,0
52052,0
1598,0
56627,0
40964,0
25994,0
24504,0
12608,0
74431,0
25567,0
66286,0
56651,0
70011,0
37335,0
37930,0
23002,0
39223,0
46893,0
39498,0
20339,0
14282,0
19201,0
36548,0
65020,0
33383,0
75249,0
47510,0
22450,0
54751,0
67040,0
19203,0
4091,0
72130,0
33964,0
55034,0
49946,0
691,0
72191,0
35975,0
38512,0
12383,0
4543,0
18595,0
12642,0
15771,0
41249,0
46391,0
10533,0
44934,0
10826,0
12291,0
16231,0
10860,0
7429,0
36699,0
1831,0
67755,0
62897,0
32480,0
55754,0
26594,0
7634,0
40809,0
33133,0
47740,0
10062,0
48500,0
44578,0
55218,0
12794,0
17936,0
29492,0
26941,0
74617,0
20513,0
35424,0
16305,0
50817,0
4932,0
39370,0
17795,0
57554,0
35347,0
52421,0
64508,0
32085,0
63650,0
15778,0
16882,0
42375,0
53488,0
38785,0
35133,0
53452,0
27830,0
68017,0
21039,0
35361,0
70100,0
66904,0
19050,0
12335,0
31130,0
70917,0
63254,0
18092,0
41042,0
43037,0
59907,0
26095,0
12503,0
19858,0
66516,0
37078,0
41223,0
13573,0
61695,0
46357,0
61614,0
24201,0
9941,0
19322,0
5259,0
50506,0
52098,0
32273,0
10168,0
46302,0
37443,0
18309,0
29234,0
21378,0
67208,0
842,0
17421,0
30543,0
21266,0
31650,0
40515,0
65984,0
48703,0
53049,0
4532,0
48990,0
38708,0
3299,0
52364,0
60155,0
34134,0
68770,0
66464,0
2083,0
6217,0
31027,0
63855,0
53284,0
37461,0
68474,0
5691,0
66715,0
24965,0
13020,0
19501,0
39330,0
40081,0
500,0
37618,0
51624,0
36529,0
809,0
34241,0
4151,0
29184,0
55262,0
62132,0
51871,0
64978,0
2036,0
41980,0
59310,0
53197,0
66090,0
71450,0
67108,0
64564,0
52935,0
6730,0
35764,0
8527,0
15186,0
25021,0
68836,0
31095,0
64092,0
74818,0
36598,0
3690,0
6356,0
5199,0
31647,0
20422,0
18455,0
5658,0
43890,0
49021,0
25090,0
26843,0
61621,0
21429,0
15294,0
14181,0
31437,0
63594,0
62689,0
8185,0
60906,0
43879,0
62898,0
35773,0
31495,0
51808,0
22676,0
46571,0
61302,0
53457,0
23289,0
38458,0
25048,0
58560,0
1251,0
3604,0
27632,0
4207,0
62415,0
19334,0
50634,0
62172,0
39027,0
71112,0
43609,0
36781,0
3586,0
41108,0
940,0
71611,0
46570,0
23188,0
36804,0
73144,0
20341,0
19141,0
32908,0
60978,0
6199,0
8223,0
27318,0
791,0
26133,0
50398,0
37171,0
55423,0
70837,0
44536,0
64014,0
11863,0
24094,0
45886,0
37509,0
37736,0
70991,0
3703,0
34214,0
55745,0
36921,0
52998,0
35758,0
64676,0
34869,0
4468,0
23453,0
63506,0
33830,0
55933,0
24224,0
59611,0
