=== Baseline model: RandomForest, 5-fold out-of-fold predictions ===
(quick baseline for threshold-behavior exploration only, NOT a final model -
 no feature cleanup / sentinel handling / duplicate-row dedup applied yet)

Out-of-fold ROC-AUC (threshold independent): 0.8107

=== Threshold sweep (0.02 to 0.90 step 0.02) ===
 threshold     f1  precision  recall  specificity  balanced_accuracy  roc_auc  composite
    0.0200 0.0952     0.0500  1.0000       0.0000             0.5000   0.8107     0.4387
    0.0400 0.0953     0.0500  0.9996       0.0013             0.5004   0.8107     0.4388
    0.0600 0.0957     0.0502  0.9992       0.0061             0.5026   0.8107     0.4393
    0.0800 0.0964     0.0506  0.9983       0.0152             0.5068   0.8107     0.4404
    0.1000 0.0974     0.0512  0.9958       0.0288             0.5123   0.8107     0.4416
    0.1200 0.0987     0.0519  0.9958       0.0432             0.5195   0.8107     0.4436
    0.1400 0.1025     0.0540  0.9921       0.0863             0.5392   0.8107     0.4486
    0.1600 0.1057     0.0558  0.9892       0.1197             0.5544   0.8107     0.4526
    0.1800 0.1080     0.0571  0.9855       0.1440             0.5647   0.8107     0.4551
    0.2000 0.1120     0.0594  0.9825       0.1814             0.5820   0.8107     0.4598
    0.2200 0.1260     0.0674  0.9697       0.2935             0.6316   0.8107     0.4738
    0.2400 0.1363     0.0734  0.9576       0.3638             0.6607   0.8107     0.4825
    0.2600 0.1431     0.0774  0.9464       0.4064             0.6764   0.8107     0.4871
    0.2800 0.1503     0.0818  0.9314       0.4496             0.6905   0.8107     0.4913
    0.3000 0.1572     0.0860  0.9144       0.4887             0.7015   0.8107     0.4945
    0.3200 0.1639     0.0902  0.8948       0.5251             0.7100   0.8107     0.4969
    0.3400 0.1712     0.0949  0.8728       0.5620             0.7174   0.8107     0.4990
    0.3600 0.1829     0.1026  0.8387       0.6141             0.7264   0.8107     0.5021
    0.3800 0.1907     0.1083  0.8001       0.6532             0.7266   0.8107     0.5015
    0.4000 0.1956     0.1118  0.7822       0.6729             0.7275   0.8107     0.5018
    0.4200 0.1991     0.1144  0.7643       0.6887             0.7265   0.8107     0.5013
    0.4400 0.2013     0.1164  0.7448       0.7024             0.7236   0.8107     0.4997
    0.4600 0.2038     0.1185  0.7269       0.7154             0.7212   0.8107     0.4985
    0.4800 0.2086     0.1225  0.7024       0.7351             0.7188   0.8107     0.4976
    0.5000 0.2162     0.1285  0.6820       0.7566             0.7193   0.8107     0.4989
    0.5200 0.2244     0.1351  0.6621       0.7769             0.7195   0.8107     0.5003
    0.5400 0.2315     0.1410  0.6463       0.7928             0.7195   0.8107     0.5018
    0.5600 0.2475     0.1547  0.6189       0.8221             0.7205   0.8107     0.5061
    0.5800 0.2662     0.1717  0.5927       0.8495             0.7211   0.8107     0.5118
    0.6000 0.2843     0.1899  0.5648       0.8732             0.7190   0.8107     0.5167
    0.6200 0.2897     0.1978  0.5411       0.8845             0.7128   0.8107     0.5159
    0.6400 0.2930     0.2025  0.5295       0.8903             0.7099   0.8107     0.5159
    0.6600 0.2934     0.2048  0.5170       0.8944             0.7057   0.8107     0.5142
    0.6800 0.2986     0.2165  0.4813       0.9083             0.6948   0.8107     0.5118
    0.7000 0.3027     0.2273  0.4530       0.9190             0.6860   0.8107     0.5101
    0.7200 0.3060     0.2356  0.4364       0.9255             0.6810   0.8107     0.5097
    0.7400 0.3064     0.2396  0.4248       0.9290             0.6769   0.8107     0.5084
    0.7600 0.1976     0.2893  0.1500       0.9806             0.5653   0.8107     0.4334
    0.7800 0.0440     0.3115  0.0237       0.9972             0.5105   0.8107     0.3671
    0.8000 0.0050     0.7500  0.0025       1.0000             0.5012   0.8107     0.4172
    0.8200 0.0008     1.0000  0.0004       1.0000             0.5002   0.8107     0.4530
    0.8400 0.0000     0.0000  0.0000       1.0000             0.5000   0.8107     0.3027
    0.8600 0.0000     0.0000  0.0000       1.0000             0.5000   0.8107     0.3027
    0.8800 0.0000     0.0000  0.0000       1.0000             0.5000   0.8107     0.3027
    0.9000 0.0000     0.0000  0.0000       1.0000             0.5000   0.8107     0.3027

=== Best threshold by composite score ===
threshold            0.600000
f1                   0.284250
precision            0.189911
recall               0.564838
specificity          0.873212
balanced_accuracy    0.719025
roc_auc              0.810661
composite            0.516716

=== Naive threshold=0.5 (for comparison) ===
threshold            0.500000
f1                   0.216248
precision            0.128494
recall               0.682045
specificity          0.756572
balanced_accuracy    0.719309
roc_auc              0.810661
composite            0.498880

Composite score gain from tuning threshold vs naive 0.5: +0.0178

=== Recommendation ===
Do not submit argmax/0.5-threshold binary predictions blindly. Pick the decision
threshold that maximizes this exact weighted composite on out-of-fold predictions
(reuse composite_score() above during model selection), and re-tune it per model/
feature-set change since the optimum shifts with model calibration. Keep predicted
PROBABILITIES uncalibrated/raw for Target_Probability (drives ROC-AUC, 0.25 weight)
but use the tuned threshold only for the separate Target_Binary column.
